

























































[{"body":"SPS has many options you can change. These options will determine how the app behaves.\n Config SPS Let us start by creating an example SPS project. For demo purpose, we are using the /tmp folder but one should use a regular location instead of the temp in a real case.\nsuppressPackageStartupMessages(library(systemPipeShiny)) spsInit(app_path = tempdir(), project_name = \"config_demo\", overwrite = TRUE, change_wd = FALSE)  ## [SPS-DANGER] 2021-04-25 19:43:24 Done, Db created at '/tmp/RtmphrNOOX/config_demo/config/sps.db'. DO NOT share this file with others or upload to open access domains. ## [SPS-INFO] 2021-04-25 19:43:24 Key md5 ee81377a81fdb757fbbbb6af38644756 ## [SPS-INFO] 2021-04-25 19:43:24 SPS project setup done!  ## save project path (sps_dir \u003c- file.path(tempdir(), \"config_demo\"))  ## [1] \"/tmp/RtmphrNOOX/config_demo\"  To reproduce code locally, run the following chunk instead.\nlibrary(systemPipeShiny) spsInit() sps_dir \u003c- normalizePath(\".\")  PRE.fansi SPAN {padding-top: .25em; padding-bottom: .25em};  SPS structure  SPS_xx/ ├── server.R | ├── global.R | Most important server, UI and global files, unless special needs, `global.R` is the only file you need to edit ├── ui.R | ├── deploy.R | Deploy helper file ├── config | Important app config files. Do not edit them if you don't know │ ├── sps.db | SPS database │ ├── sps_options.yaml | SPS default option list │ └── tabs.csv | SPS tab registration information ├── data | App example data files │ ├── xx.csv ├── R | All SPS custom tab files and helper R function files │ ├── tab_xx.R ├── README.md ├── results | To store data generated from the app, like the workflow module │ └── README.md └── www | Internet resources ├── css | CSS files │ └── sps.css ├── img | App image resources │ └── xx.png ├── js | Javascripts │ └── xx.js ├── loading_themes | Loading screen files │ └── xx.html └── plot_list | Image files for plot gallery └── plot_xx.jpg  This is a reminder of what you will get when a SPS project is initiated with spsInit().\n For most users, the global.R file is the only file that one needs to make change. The second important files are the files inside config folder. For normal users, these files are controlled by SPS functions. No need to make any modification. For advanced users, deep customization is possible.  sps_options.yaml stores all default and valid values for SPS, details are listed below tabs.csv all SPS tab registration information. Read Manage tabs sps.db A SQLite database to store data generated in SPS. Read SPS database for more information.   R folder stores all custom tab files, your helper functions. This .R or .r files under this folder will be automatically sourced when SPS starts. This is discussed in Manage tabs. www folder is where you add the internet resources, like images you want to show in the app, css style sheets to attach. Read more here.  App options View/Set all options App options in SPS are controlled by “SPS options”. These options can change app appearance, debugging level, server behaviors, etc. The valid options can be found and change on the global.R file. They are similar to Shiny options, but unlike shiny options that are single values, SPS options are passed using the Option(sps = list(...)) function in global.R as a group. To view all options and their default, valid values('*' means any value is okay) see global.R from the line starting with ## SPS options. We provided some comments below that line to generally describe what each option is and valid values for options. Use function spsOptDefaults to see the default and other valid options.\nspsOptDefaults(app_path = sps_dir)  ## title: ## Default: systemPipeShiny ## Other: * ## title_logo: ## Default: img/sps_small.png ## Other: * ## mode: ## Default: local ## Other: server ## login_screen: ## Default: FALSE ## Other: TRUE ## login_theme: ## Default: random ## Other: * ## use_crayon: ## Default: TRUE ## Other: FALSE ## verbose: ## Default: FALSE ## Other: TRUE ## admin_page: ## Default: TRUE ## Other: FALSE ## admin_url: ## Default: admin ## Other: * ## warning_toast: ## Default: FALSE ## Other: TRUE ## module_wf: ## Default: TRUE ## Other: FALSE ## module_rnaseq: ## Default: TRUE ## Other: FALSE ## module_ggplot: ## Default: TRUE ## Other: FALSE ## tab_welcome: ## Default: TRUE ## Other: FALSE ## tab_vs_main: ## Default: TRUE ## Other: FALSE ## tab_canvas: ## Default: TRUE ## Other: FALSE ## tab_about: ## Default: TRUE ## Other: FALSE ## note_url: ## Default: https://raw.githubusercontent.com/systemPipeR/systemPipeShiny/master/inst/remote_resource/notifications.yaml ## Other: * ## traceback: ## Default: FALSE ## Other: TRUE ## is_demo: ## Default: FALSE ## Other: TRUE ## welcome_guide: ## Default: TRUE ## Other: FALSE ## * means any value will be accepted  After the app has started once, you can use spsOptions() to see all current settings.\nspsOptions(app_path = sps_dir)  ## Current project option settings: ## title: ## systemPipeShiny  ## title_logo: ## img/sps_small.png  ## mode: ## local  ## login_screen: ## FALSE  ## login_theme: ## random  ## use_crayon: ## TRUE  ## verbose: ## FALSE  ## admin_page: ## TRUE  ## admin_url: ## admin  ## warning_toast: ## FALSE  ## module_wf: ## TRUE  ## module_rnaseq: ## TRUE  ## module_ggplot: ## TRUE  ## tab_welcome: ## TRUE  ## tab_vs_main: ## TRUE  ## tab_canvas: ## TRUE  ## tab_about: ## TRUE  ## note_url: ## https://raw.githubusercontent.com/systemPipeR/systemPipeShiny/master/inst/remote_resource/notifications.yaml  ## traceback: ## FALSE  ## is_demo: ## FALSE  ## welcome_guide: ## TRUE  ## ******** ## Option legend: ## known options Hidden/custom options* and values+ ## Value legend: ## same as default values  different from defaults+  A copy of options in global.R:\noptions(sps = list( title = \"systemPipeShiny\", title_logo = \"img/sps_small.png\", mode = \"local\", warning_toast = FALSE, login_screen = FALSE, login_theme = \"random\", use_crayon = TRUE, verbose = FALSE, admin_page = TRUE, admin_url = \"admin\", note_url = 'https://raw.githubusercontent.com/systemPipeR/systemPipeShiny/master/inst/remote_resource/notifications.yaml', tab_welcome = TRUE, tab_vs_main = TRUE, tab_canvas = TRUE, tab_about = TRUE, module_wf = TRUE, module_rnaseq = TRUE, module_ggplot = TRUE, traceback = FALSE, is_demo = FALSE, welcome_guide = TRUE ))  Note: Do not worry if you set some invalid values, on app start, `sps()` will check all SPS options, ignore unknown values and set invalid values back to default. You will see warning messages on console to tell you specifically what is wrong with your options.\n   Option Description Default Other     mode running mode “local” “server”   title App title “systemPipeShiny” any string   title_logo App logo to display on browser tab “img/sps_small.png” any path   warning_toast show security warnings? TRUE FALSE   login_screen add login screen? TRUE FALSE   login_theme login screen theme “random” see details   use_crayon colorful console message? TRUE FALSE   verbose more details for SPS functions? FALSE TRUE   admin_page enable admin page? FALSE TRUE   admin_url admin_page query url “admin” any string   warning_toast for internal test only TRUE FALSE   module_wf load workflow module? TRUE FALSE   module_rnaseq load RNAseq module? TRUE FALSE   module_ggplot load quick ggplot module? TRUE FALSE   tab_welcome load welcome tab? TRUE FALSE   tab_vs_main load custom visualization main tab? TRUE FALSE   tab_canvas load Canvas tab? TRUE FALSE   tab_about load about tab? TRUE FALSE   note_url SPS notification remote URL see code above any URL   is_demo useful if deploy the app as a demo FALSE TRUE   welcome_guide enable the welcome guide TRUE FALSE   app_path hidden, automatically added N.A. N.A.    Details  mode: see [App security] this option will change how the upload files are selected. title \u0026 title_logo: see [Other customizations] warning_toast: see [App security], A toast pop-up message to help you check pre-deploy for security problems. login_screen \u0026 login_theme \u0026 admin_page \u0026 admin_url: see [Accounts, Login and Admin]. verbose: Give you more information on debugging. Most SPS core functions has this option. If it is on, more debugging information will be printed on console. See [Debugging] module_xx – tab_xx: see [Toggle tabs] for loading and unloading tabs. tab_xx: see [Overwrite tabs] for customizing core SPS default tabs. note_url: see [Notification system] for customizing SPS notifications. is_demo: see [Workflow module]. welcome_guide: whether to enable the welcome guide on app start, see first image on SPS guide. app_path: a hidden option. This will be added after the app starts. If not specified in sps(), use current working directory.  View/Set a single option SPS values are globally set, which means you can get/change the these options at inside any R code, R functions and while the app is running (change options after app started is not recommended).\nTo view a single option value, use spsOption(opt = \"OPTION_NAME\"); to overwrite a single option, use spsOption(opt = \"OPTION_NAME\", value = \"NEW_VALUE\").\nspsOption(opt = \"mode\")  ## [1] \"local\"  To overwrite the “mode” option:\nspsOption(opt = \"mode\", \"local\")  Check again, the value has changed to “local”:\nspsOption(opt = \"mode\")  ## [1] \"local\"  If any option does not exist, or the value is “empty” or 0, when getting the value spsOption will return FALSE. Common “empty” values:\n NA NULL length(value) == 0 \"\" (empty string)  Read the help file of ?emptyIsFalse for more information.\nspsOption(opt = \"random_opt\")  ## [1] FALSE  However, these “empty” values can be meaningful in some cases, so use empty_is_false = FALSE to return the original value instead of FALSE\nspsOption(opt = \"random_opt\", empty_is_false = FALSE)  ## NULL  Add your own options SPS is very flexible which allows you to add your own options. To do so, you need to edit the “config/sps_options.yaml” file under your project root.\nYou can use other options as templates to add more. There are two required entries:\n default: will be used as default when you load SPS package. other: Other valid options. If your user provided a value that is other than the default or the other, SPS will show warnings and use default instead. You can write \"*\" as the other value. It means any value will be accepted. SPS will skip to check other valid values for this option.  Currently, the default value can only be length of 1 but other value can be a yaml array, which use [] to define: [value1, value2, ...].\nFor example, we can add some but opening the file with a text editor, here we do it programmatically:\nnew_options \u003c- ' my_opt1: default: true other: [false] my_opt2: default: \"a\" other: [\"*\"] ' write(x = new_options, file = file.path(sps_dir, \"config\", \"sps_options.yaml\"), append = TRUE)  Then we can use spsOptDefaults to check\nspsOptDefaults(app_path = sps_dir)  ## title: ## Default: systemPipeShiny ## Other: * ## title_logo: ## Default: img/sps_small.png ## Other: * ## mode: ## Default: local ## Other: server ## login_screen: ## Default: FALSE ## Other: TRUE ## login_theme: ## Default: random ## Other: * ## use_crayon: ## Default: TRUE ## Other: FALSE ## verbose: ## Default: FALSE ## Other: TRUE ## admin_page: ## Default: TRUE ## Other: FALSE ## admin_url: ## Default: admin ## Other: * ## warning_toast: ## Default: FALSE ## Other: TRUE ## module_wf: ## Default: TRUE ## Other: FALSE ## module_rnaseq: ## Default: TRUE ## Other: FALSE ## module_ggplot: ## Default: TRUE ## Other: FALSE ## tab_welcome: ## Default: TRUE ## Other: FALSE ## tab_vs_main: ## Default: TRUE ## Other: FALSE ## tab_canvas: ## Default: TRUE ## Other: FALSE ## tab_about: ## Default: TRUE ## Other: FALSE ## note_url: ## Default: https://raw.githubusercontent.com/systemPipeR/systemPipeShiny/master/inst/remote_resource/notifications.yaml ## Other: * ## traceback: ## Default: FALSE ## Other: TRUE ## is_demo: ## Default: FALSE ## Other: TRUE ## welcome_guide: ## Default: TRUE ## Other: FALSE ## my_opt1: ## Default: TRUE ## Other: FALSE ## my_opt2: ## Default: a ## Other: * ## * means any value will be accepted  You can see the my_opt1 and my_opt2 have been added to SPS options.\n","categories":"","description":"","excerpt":"SPS has many options you can change. These options will determine how …","ref":"/sps/adv_features/config/","tags":"","title":"Configuration"},{"body":"             pre code { white-space: pre !important; overflow-x: scroll !important; word-break: keep-all !important; word-wrap: initial !important; }  document.addEventListener(\"DOMContentLoaded\", function() { document.querySelector(\"h1\").className = \"title\"; });  document.addEventListener(\"DOMContentLoaded\", function() { var links = document.links; for (var i = 0, linksLength = links.length; i Data Visualization with systemPipeR systemPipeTools package extends the widely used systemPipeR (SPR) (H Backman and Girke 2016) workflow environment with enhanced toolkit for data visualization, including utilities to automate the analysis of differentially expressed genes (DEGs). systemPipeTools provides functions for data transformation and data exploration via scatterplots, hierarchical clustering heatMaps, principal component analysis, multidimensional scaling, generalized principal components, t-Distributed Stochastic Neighbor embedding (t-SNE), and MA and volcano plots. All these utilities can be integrated with the modular design of the systemPipeR environment that allows users to easily substitute any of these features and/or custom with alternatives.\nMetadata and Reads Counting Information The first step is importing the targets file and raw reads counting table.\n The targets file defines all FASTQ files and sample comparisons of the analysis workflow. The raw reads counting table represents all the reads that map to gene (row) for each sample (columns).  ## Targets file targetspath \u003c- system.file(\"extdata\", \"targets.txt\", package = \"systemPipeR\") targets \u003c- read.delim(targetspath, comment = \"#\") cmp \u003c- systemPipeR::readComp(file = targetspath, format = \"matrix\", delim = \"-\") ## Count table file countMatrixPath \u003c- system.file(\"extdata\", \"countDFeByg.xls\", package = \"systemPipeR\") countMatrix \u003c- read.delim(countMatrixPath, row.names = 1) showDT(countMatrix)   {\"x\":{\"filter\":\"none\",\"extensions\":[\"FixedColumns\",\"Scroller\"],\"data\":[[\"AT1G01010\",\"AT1G01020\",\"AT1G01030\",\"AT1G01040\",\"AT1G01050\",\"AT1G01060\",\"AT1G01070\",\"AT1G01073\",\"AT1G01080\",\"AT1G01090\",\"AT1G01100\",\"AT1G01110\",\"AT1G01115\",\"AT2G01008\",\"AT2G01021\",\"AT2G01023\",\"AT3G01010\",\"AT3G01015\",\"AT3G01020\",\"AT3G01030\",\"AT3G01040\",\"AT3G01050\",\"AT3G01060\",\"AT3G01070\",\"AT3G01080\",\"AT3G01085\",\"AT3G01090\",\"AT3G01100\",\"AT3G01120\",\"AT3G01130\",\"AT3G01140\",\"AT3G01150\",\"AT3G01160\",\"AT3G01170\",\"AT4G00005\",\"AT4G00020\",\"AT4G00026\",\"AT4G00030\",\"AT4G00040\",\"AT4G00050\",\"AT4G00060\",\"AT4G00070\",\"AT4G00080\",\"AT4G00090\",\"AT4G00100\",\"AT4G00110\",\"AT4G00120\",\"AT4G00124\",\"AT4G00130\",\"AT4G00140\",\"AT5G01010\",\"AT5G01015\",\"AT5G01020\",\"AT5G01030\",\"AT5G01040\",\"AT5G01050\",\"AT5G01060\",\"AT5G01070\",\"AT5G01075\",\"AT5G01080\",\"AT5G01090\",\"AT5G01100\",\"AT5G01110\",\"AT5G01120\",\"AT5G01130\",\"AT5G01140\",\"AT5G01150\",\"AT5G01160\",\"ATCG00020\",\"ATCG00040\",\"ATCG00050\",\"ATCG00070\",\"ATCG00080\",\"ATCG00120\",\"ATCG00130\",\"ATCG00140\",\"ATCG00150\",\"ATCG00160\",\"ATCG00170\",\"ATCG00180\",\"ATCG00190\",\"ATCG00210\",\"ATCG00220\",\"ATCG00270\",\"ATCG00280\",\"ATCG00300\",\"ATCG00330\",\"ATCG00340\",\"ATCG00350\",\"ATCG00360\",\"ATCG00380\",\"ATCG00420\",\"ATCG00430\",\"ATCG00440\",\"ATCG00470\",\"ATCG00480\",\"ATCG00490\",\"ATCG00500\",\"ATCG00510\",\"ATMG00010\",\"ATMG00030\",\"ATMG00040\",\"ATMG00050\",\"ATMG00060\",\"ATMG00070\",\"ATMG00080\",\"ATMG00090\",\"ATMG00110\",\"ATMG00120\",\"ATMG00130\",\"ATMG00140\",\"ATMG00150\",\"ATMG00160\",\"ATMG00170\",\"ATMG00180\",\"ATMG00200\"],[57,23,41,180,60,26,0,0,98,331,230,6,0,28,6267,0,0,0,0,0,93,31,235,0,30,0,70,38,709,54,0,37,33,33,0,4,19,69,61,12,48,0,0,21,186,22,0,0,6,8,143,16,87,31,49,4,0,0,1,0,17,162,2,0,0,0,0,28,1917,9,0,5,15,52,34,36,17,7,7,5,37,6,3,105,283,4,52,147,192,1,2,7,21,12,54,180,856,8,10,2,60,11,0,0,8,7,5,6,3,1,0,0,5,3,18,0],[244,93,98,684,127,264,0,0,379,1027,432,10,0,68,3061,14,0,0,0,0,454,121,801,8,29,0,274,132,2358,140,14,126,238,131,0,25,89,106,176,138,359,0,0,59,384,78,0,0,9,6,442,26,227,170,125,7,0,4,28,0,103,1002,26,2,0,0,0,124,1696,28,3,23,50,210,127,46,53,8,39,49,145,5,83,300,723,34,103,412,480,6,21,97,312,44,339,1191,1029,13,1,0,40,56,0,3,18,18,72,27,0,4,7,1,31,15,59,3],[201,69,73,522,102,59,2,0,179,779,516,11,0,61,7559,6,0,0,0,0,364,108,553,6,151,0,315,87,2031,149,4,186,123,161,0,6,60,255,189,20,162,0,0,89,402,75,0,0,32,30,542,11,184,91,179,5,0,0,9,0,41,754,6,0,0,0,0,119,970,10,1,14,13,113,37,60,22,3,14,22,49,1,5,165,293,5,56,222,191,6,8,18,45,12,92,369,793,4,5,0,79,38,0,4,5,20,30,7,0,0,0,0,25,5,44,1],[169,126,58,664,166,56,1,0,456,1343,458,5,0,33,2203,10,0,1,0,0,578,167,674,2,14,0,373,126,2222,131,39,170,329,212,0,66,75,121,147,117,381,0,0,88,432,147,0,0,4,11,646,17,207,219,103,3,0,0,23,0,121,1185,27,2,0,0,0,127,661,19,1,59,53,190,167,42,88,14,94,68,208,16,75,212,641,45,135,530,520,10,24,147,347,34,423,1501,871,10,1,7,35,50,0,3,47,31,120,34,14,1,5,0,72,17,62,4],[365,107,94,585,125,8,6,0,287,647,468,4,0,48,3125,0,0,0,0,0,375,104,226,5,56,0,334,100,1674,242,2,138,133,110,0,16,41,127,158,23,275,0,0,56,403,81,0,0,28,30,606,4,165,97,150,7,0,0,2,0,62,819,11,2,0,0,0,103,2258,12,0,23,34,160,74,44,26,12,22,32,95,10,25,126,403,10,50,313,366,4,10,26,36,24,102,403,977,2,15,2,43,45,0,2,19,16,25,13,0,1,2,3,26,14,24,1],[229,88,156,680,303,26,6,0,538,1831,849,17,0,53,1168,3,0,1,0,0,735,146,366,6,97,0,349,203,2310,254,0,380,126,296,0,49,43,193,282,19,406,0,0,138,966,131,0,0,16,21,1031,8,463,106,427,10,2,0,5,1,89,2267,41,4,0,0,0,238,1232,6,0,24,56,277,66,33,54,11,55,61,186,3,29,250,375,23,58,509,455,1,10,63,112,15,347,984,1161,10,2,3,35,39,0,7,21,19,41,15,1,3,2,1,46,13,58,3],[41,18,9,162,116,5,2,0,102,350,522,3,0,39,12653,0,0,0,0,0,46,43,8,0,15,0,92,28,780,84,14,45,51,51,0,5,56,73,102,63,70,0,0,42,360,42,0,0,3,7,230,15,153,22,2,0,0,0,11,0,23,24,6,0,0,0,0,60,1677,4,0,5,4,37,8,41,2,0,1,11,18,2,4,63,186,2,19,121,116,0,0,7,8,2,19,73,592,0,2,1,89,19,0,2,4,8,11,5,0,1,0,0,8,6,27,2],[38,25,13,163,180,2,4,0,211,524,634,3,0,38,12386,1,0,0,0,0,76,55,59,0,25,0,139,50,1217,116,14,95,80,54,0,11,66,124,114,45,119,3,0,66,440,40,0,0,2,13,334,58,221,27,2,0,0,0,11,0,36,99,8,0,0,0,0,76,1184,6,0,1,7,42,20,18,16,1,6,15,22,2,2,59,190,4,13,152,168,0,3,11,9,1,30,163,681,2,1,0,35,37,0,4,9,4,9,3,0,1,2,0,16,8,26,2],[152,20,8,249,139,0,5,0,79,323,926,5,0,97,9799,0,0,0,0,0,80,52,13,0,72,0,148,74,1176,160,21,67,92,73,0,11,93,157,185,151,122,0,0,78,656,48,0,0,3,20,461,2,260,57,11,0,0,0,8,0,39,188,4,0,0,0,0,83,1201,0,0,1,11,41,7,23,5,0,6,2,15,2,0,56,132,2,23,75,122,0,2,4,10,4,22,93,475,4,0,0,117,31,0,5,1,5,12,7,2,1,3,0,19,9,33,0],[46,5,6,66,37,0,2,0,42,140,183,2,0,23,10386,1,0,0,0,0,23,21,1,0,7,0,48,19,270,27,7,14,20,22,0,1,12,21,48,8,43,0,0,22,113,12,0,0,1,3,109,10,50,29,2,3,0,0,1,0,13,42,0,0,0,0,0,33,1261,4,0,2,3,42,15,26,4,0,4,5,4,6,1,65,138,9,17,106,126,2,4,6,4,0,12,54,749,6,1,0,30,4,0,0,0,2,3,1,0,0,0,0,2,0,7,0],[294,88,36,697,236,0,5,0,150,600,1333,1,0,82,9414,3,0,2,0,0,162,112,14,0,57,0,236,126,1737,341,15,126,178,132,0,23,146,209,317,158,210,0,0,191,1005,46,0,0,12,22,731,0,423,100,7,0,0,0,12,0,68,277,5,0,0,0,0,128,1192,1,0,2,9,52,9,28,8,3,1,7,22,2,3,83,172,4,25,112,112,1,0,11,14,6,29,110,446,2,4,3,101,56,0,5,10,9,20,14,0,1,1,0,36,9,44,2],[405,151,147,1060,679,4,13,0,551,1693,2401,16,0,112,3265,4,0,0,0,0,260,292,41,2,33,0,468,280,2768,376,50,299,278,112,0,36,175,337,471,169,463,2,0,334,1831,107,0,0,12,13,1229,53,903,127,12,3,0,0,32,0,168,146,33,0,0,0,0,266,398,6,0,4,11,75,26,18,18,3,17,11,67,2,3,71,176,7,28,163,186,2,7,18,23,4,52,345,493,0,4,0,43,88,0,8,25,18,39,14,4,11,4,0,54,20,53,2],[117,43,32,338,362,89,9,0,250,800,762,7,0,142,6908,6,0,0,0,0,143,53,103,0,27,0,257,128,1998,110,52,130,65,95,0,19,38,245,362,472,298,0,0,74,703,51,0,0,5,23,449,6,732,62,2,0,0,0,12,0,46,42,2,2,0,0,0,157,1406,8,0,11,6,51,13,9,5,0,5,13,28,2,2,100,126,2,2,128,194,1,3,12,30,2,63,270,445,2,0,0,64,6,0,1,9,18,6,7,0,0,5,1,21,7,25,1],[139,74,29,604,746,203,43,0,612,1662,1805,38,0,230,3676,2,0,0,0,0,131,211,178,4,34,0,390,194,1861,323,81,191,125,93,0,28,132,397,598,499,414,1,0,166,1319,117,0,0,11,29,861,65,1008,100,2,0,0,2,29,0,128,80,35,0,0,0,0,274,473,0,0,3,16,91,32,23,13,0,5,19,51,2,7,65,167,1,26,121,132,1,0,8,23,1,65,346,377,0,0,0,75,49,0,2,20,16,23,25,1,5,7,0,29,10,26,0],[132,33,12,360,194,118,8,0,78,281,761,4,0,85,11154,2,0,0,0,0,79,87,39,2,88,0,176,121,781,184,19,74,59,80,0,11,52,164,203,239,176,0,0,91,600,37,0,0,6,13,599,2,265,70,0,0,0,0,5,0,41,85,0,0,0,0,0,91,1136,0,0,6,11,34,12,38,10,0,2,9,9,2,2,48,135,3,15,88,108,1,0,2,6,3,25,82,429,2,0,0,114,23,0,5,6,4,10,2,0,4,0,0,16,6,17,0],[64,18,9,80,50,24,0,0,26,122,102,0,0,18,3301,0,0,0,0,0,34,25,6,0,13,0,32,24,219,51,13,20,26,19,0,1,13,22,37,12,48,0,0,20,106,10,0,0,1,2,121,1,95,21,2,0,0,0,3,0,14,33,0,0,0,0,0,38,1860,8,0,3,4,40,26,13,0,0,1,4,1,5,0,61,259,1,28,147,176,2,3,21,11,0,17,84,662,2,2,1,23,15,0,2,9,3,1,3,1,1,0,0,5,0,8,0],[230,43,70,203,214,62,9,0,78,391,627,0,0,100,9421,5,0,0,0,0,105,43,52,0,56,0,127,79,734,97,18,70,28,61,0,4,33,92,112,178,140,0,0,93,565,17,0,0,1,5,331,4,283,29,0,0,0,0,9,0,33,155,4,0,0,0,0,118,1336,0,0,8,4,27,5,8,8,6,2,10,7,1,4,52,112,1,10,81,106,1,0,8,19,3,37,140,440,2,2,0,66,10,0,7,7,5,13,7,0,3,6,1,16,0,28,2],[120,31,85,171,181,32,1,0,55,273,476,4,0,46,8486,2,0,0,0,0,55,24,24,0,33,0,76,45,291,98,12,42,39,29,0,4,26,57,69,59,62,0,0,51,362,17,0,0,1,5,207,3,195,28,1,0,0,0,4,0,17,67,3,0,0,0,0,86,1236,3,0,1,5,39,14,31,12,0,2,2,18,5,1,48,172,0,14,118,118,0,7,0,8,1,19,116,529,4,0,0,46,18,0,3,3,4,5,6,0,0,2,2,12,2,10,0]],\"container\":\"\\n \\n \\n  \\n M1A\\n M1B\\n A1A\\n A1B\\n V1A\\n V1B\\n M6A\\n M6B\\n A6A\\n A6B\\n V6A\\n V6B\\n M12A\\n M12B\\n A12A\\n A12B\\n V12A\\n V12B\\n \\n \\n\",\"options\":{\"scrollX\":true,\"fixedColumns\":true,\"deferRender\":true,\"scrollY\":200,\"scroller\":true,\"columnDefs\":[{\"className\":\"dt-right\",\"targets\":[1,2,3,4,5,6,7,8,9,10,11,12,13,14,15,16,17,18]},{\"orderable\":false,\"targets\":0}],\"order\":[],\"autoWidth\":false,\"orderClasses\":false}},\"evals\":[],\"jsHooks\":[]} Data Transformation For gene differential expression, raw counts are required, however for data visualization or clustering, it can be useful to work with transformed count data. exploreDDS function is convenience wrapper to transform raw read counts using the DESeq2 package transformations methods. The input file has to contain all the genes, not just differentially expressed ones. Supported methods include variance stabilizing transformation (vst) (Anders and Huber (2010)), and regularized-logarithm transformation or rlog (Love, Huber, and Anders (2014)).\nexploredds \u003c- exploreDDS(countMatrix, targets, cmp = cmp[[1]], preFilter = NULL, transformationMethod = \"rlog\") exploredds  ## class: DESeqTransform ## dim: 116 18 ## metadata(1): version ## assays(1): '' ## rownames(116): AT1G01010 AT1G01020 ... ATMG00180 ATMG00200 ## rowData names(51): baseMean baseVar ... dispFit rlogIntercept ## colnames(18): M1A M1B ... V12A V12B ## colData names(2): condition sizeFactor  Users are strongly encouraged to consult the DESeq2 vignette for more detailed information on this topic and how to properly run DESeq2 on data sets with more complex experimental designs.\nScatterplot To decide which transformation to choose, we can visualize the transformation effect comparing two samples or a grid of all samples, as follows:\nexploreDDSplot(countMatrix, targets, cmp = cmp[[1]], preFilter = NULL, samples = c(\"M12A\", \"M12A\", \"A12A\", \"A12A\"), scattermatrix = TRUE)  ## `stat_bin()` using `bins = 30`. Pick better value with `binwidth`. ## `stat_bin()` using `bins = 30`. Pick better value with `binwidth`. ## `stat_bin()` using `bins = 30`. Pick better value with `binwidth`. ## `stat_bin()` using `bins = 30`. Pick better value with `binwidth`.  The scatterplots are created using the log2 transform normalized reads count, variance stabilizing transformation (VST) (Anders and Huber (2010)), and regularized-logarithm transformation or rlog (Love, Huber, and Anders (2014)).\nHierarchical Clustering Dendrogram The following computes the sample-wise correlation coefficients using the stats::cor() function from the transformed expression values. After transformation to a distance matrix, hierarchical clustering is performed with the stats::hclust function and the result is plotted as a dendrogram, as follows:\nhclustplot(exploredds, method = \"spearman\")  The function provides the utility to save the plot automatically.\nHierarchical Clustering HeatMap This function performs hierarchical clustering on the transformed expression matrix generated within the DESeq2 package. It uses, by default, a Pearson correlation-based distance measure and complete linkage for cluster join. If samples selected in the clust argument, it will be applied the stats::dist() function to the transformed count matrix to get sample-to-sample distances. Also, it is possible to generate the pheatmap or plotly plot format.\n## Samples plot heatMaplot(exploredds, clust = \"samples\", plotly = TRUE)   {\"x\":{\"visdat\":{\"34341250a552\":[\"function () \",\"plotlyVisDat\"]},\"cur_data\":\"34341250a552\",\"attrs\":{\"34341250a552\":{\"x\":[\"M1A\",\"M1B\",\"A1A\",\"A1B\",\"V1A\",\"V1B\",\"M6A\",\"M6B\",\"A6A\",\"A6B\",\"V6A\",\"V6B\",\"M12A\",\"M12B\",\"A12A\",\"A12B\",\"V12A\",\"V12B\"],\"y\":[\"M1A\",\"M1B\",\"A1A\",\"A1B\",\"V1A\",\"V1B\",\"M6A\",\"M6B\",\"A6A\",\"A6B\",\"V6A\",\"V6B\",\"M12A\",\"M12B\",\"A12A\",\"A12B\",\"V12A\",\"V12B\"],\"z\":[[0,7.04650716301563,5.70678310405774,8.20976445672658,5.82667776225818,7.3279781790244,8.39986657356742,8.16733063204217,9.58637200173571,7.68841587215867,10.1640441508758,10.7676019921496,10.0039632569807,11.32498784981,9.8146750121175,7.74473230078491,9.45716343166999,7.95378561107353],[7.04650716301563,0,6.66154862259465,4.25865887783483,6.67960023884926,6.26668680998727,9.91630309634838,9.25451827523275,10.9564120825428,9.93575571094716,11.099388064366,10.6754670535994,9.90683653800534,10.9561298226477,10.7399675586854,9.18116169782986,9.77109863659917,9.40323019102986],[5.70678310405774,6.66154862259465,0,7.98994675562316,4.94593038167375,5.72836463615867,8.11235158724083,7.65256178153187,8.15065142907597,8.76007256265634,8.30988507282082,8.91309701678265,8.66629724080143,9.82426010379448,8.30870129249907,8.54268071001664,8.35323474316893,7.70897398227057],[8.20976445672658,4.25865887783483,7.98994675562316,0,6.99532785790822,6.43469620310431,10.4096764476556,9.51652950962973,11.1939050957909,10.4627147426448,11.1689702900908,10.546647320753,10.5708484745604,11.5547562063225,11.6160197603858,9.88406363111819,10.7020155017471,10.4675703563444],[5.82667776225818,6.67960023884926,4.94593038167375,6.99532785790822,0,4.8575131388009,8.46288752842871,8.0319315058583,8.726172089783,8.73161790330149,8.27286514155669,8.88152783442813,9.62675093908279,10.8109068917939,9.50867890759956,8.56129430593498,9.21166728284744,8.48571139105286],[7.3279781790244,6.26668680998727,5.72836463615867,6.43469620310431,4.8575131388009,0,10.051631844146,8.92833694901717,9.88801350128227,10.1968579735558,9.80606329541741,9.47694677716336,10.2032985748696,10.9502439173503,10.7118343889731,10.2485736407499,9.95124988126944,9.6455696901528],[8.39986657356742,9.91630309634838,8.11235158724083,10.4096764476556,8.46288752842871,10.051631844146,0,4.32289188181976,5.45401419571659,6.66929785847857,5.82333805363524,6.89960979808065,6.60846441830892,7.49378480640748,6.09490379797155,6.92856692552639,6.73658240504653,6.04084631483171],[8.16733063204217,9.25451827523275,7.65256178153187,9.51652950962973,8.0319315058583,8.92833694901717,4.32289188181976,0,5.86548263173596,6.92170483627566,6.43771467140554,5.936553276735,6.66918890392232,7.10201521498403,6.87338305585792,7.70858313971616,6.93977726065822,6.12205683109543],[9.58637200173571,10.9564120825428,8.15065142907597,11.1939050957909,8.726172089783,9.88801350128227,5.45401419571659,5.86548263173596,0,8.10337075683393,4.02970654063498,6.37598537189006,6.96355226928132,7.79890861008178,5.50539366529938,8.64913887544163,6.82883422186719,6.22801929982399],[7.68841587215867,9.93575571094716,8.76007256265634,10.4627147426448,8.73161790330149,10.1968579735558,6.66929785847857,6.92170483627566,8.10337075683393,0,9.22853479532283,10.1030591897721,9.35527845594351,11.0912154866989,8.92785474831708,6.32121021712703,9.14034499886722,7.20502415178336],[10.1640441508758,11.099388064366,8.30988507282082,11.1689702900908,8.27286514155669,9.80606329541741,5.82333805363524,6.43771467140554,4.02970654063498,9.22853479532283,0,5.40796455622463,7.23562402229216,8.05893271349359,5.83000947413891,8.94623155465764,6.52802367477244,6.94139936721835],[10.7676019921496,10.6754670535994,8.91309701678265,10.546647320753,8.88152783442813,9.47694677716336,6.89960979808065,5.936553276735,6.37598537189006,10.1030591897721,5.40796455622463,0,7.14309602773391,6.1610771391521,7.4911181113735,10.0381028337193,7.56298264238769,7.68916986877059],[10.0039632569807,9.90683653800534,8.66629724080143,10.5708484745604,9.62675093908279,10.2032985748696,6.60846441830892,6.66918890392232,6.96355226928132,9.35527845594351,7.23562402229216,7.14309602773391,0,5.69259437645614,5.58694500597765,8.50447659713418,5.53119139458227,6.33933832045536],[11.32498784981,10.9561298226477,9.82426010379448,11.5547562063225,10.8109068917939,10.9502439173503,7.49378480640748,7.10201521498403,7.79890861008178,11.0912154866989,8.05893271349359,6.1610771391521,5.69259437645614,0,6.42494730487994,10.5078546330517,7.19994521380774,7.82561653509729],[9.8146750121175,10.7399675586854,8.30870129249907,11.6160197603858,9.50867890759956,10.7118343889731,6.09490379797155,6.87338305585792,5.50539366529938,8.92785474831708,5.83000947413891,7.4911181113735,5.58694500597765,6.42494730487994,0,8.18110233128943,5.25899641633563,5.72577800197228],[7.74473230078491,9.18116169782986,8.54268071001664,9.88406363111819,8.56129430593498,10.2485736407499,6.92856692552639,7.70858313971616,8.64913887544163,6.32121021712703,8.94623155465764,10.0381028337193,8.50447659713418,10.5078546330517,8.18110233128943,0,7.99272460895717,6.58008064549415],[9.45716343166999,9.77109863659917,8.35323474316893,10.7020155017471,9.21166728284744,9.95124988126944,6.73658240504653,6.93977726065822,6.82883422186719,9.14034499886722,6.52802367477244,7.56298264238769,5.53119139458227,7.19994521380774,5.25899641633563,7.99272460895717,0,5.56397338345294],[7.95378561107353,9.40323019102986,7.70897398227057,10.4675703563444,8.48571139105286,9.6455696901528,6.04084631483171,6.12205683109543,6.22801929982399,7.20502415178336,6.94139936721835,7.68916986877059,6.33933832045536,7.82561653509729,5.72577800197228,6.58008064549415,5.56397338345294,0]],\"alpha_stroke\":1,\"sizes\":[10,100],\"spans\":[1,20],\"type\":\"heatmap\"}},\"layout\":{\"margin\":{\"b\":40,\"l\":60,\"t\":25,\"r\":10},\"xaxis\":{\"domain\":[0,1],\"automargin\":true,\"title\":[]},\"yaxis\":{\"domain\":[0,1],\"automargin\":true,\"title\":[]},\"scene\":{\"zaxis\":{\"title\":[]}},\"hovermode\":\"closest\",\"showlegend\":false,\"legend\":{\"yanchor\":\"top\",\"y\":0.5}},\"source\":\"A\",\"config\":{\"showSendToCloud\":false},\"data\":[{\"colorbar\":{\"title\":\"\",\"ticklen\":2,\"len\":0.5,\"lenmode\":\"fraction\",\"y\":1,\"yanchor\":\"top\"},\"colorscale\":[[\"0\",\"rgba(68,1,84,1)\"],[\"0.0416666666666667\",\"rgba(70,19,97,1)\"],[\"0.0833333333333333\",\"rgba(72,32,111,1)\"],[\"0.125\",\"rgba(71,45,122,1)\"],[\"0.166666666666667\",\"rgba(68,58,128,1)\"],[\"0.208333333333333\",\"rgba(64,70,135,1)\"],[\"0.25\",\"rgba(60,82,138,1)\"],[\"0.291666666666667\",\"rgba(56,93,140,1)\"],[\"0.333333333333333\",\"rgba(49,104,142,1)\"],[\"0.375\",\"rgba(46,114,142,1)\"],[\"0.416666666666667\",\"rgba(42,123,142,1)\"],[\"0.458333333333333\",\"rgba(38,133,141,1)\"],[\"0.5\",\"rgba(37,144,140,1)\"],[\"0.541666666666667\",\"rgba(33,154,138,1)\"],[\"0.583333333333333\",\"rgba(39,164,133,1)\"],[\"0.625\",\"rgba(47,174,127,1)\"],[\"0.666666666666667\",\"rgba(53,183,121,1)\"],[\"0.708333333333333\",\"rgba(79,191,110,1)\"],[\"0.75\",\"rgba(98,199,98,1)\"],[\"0.791666666666667\",\"rgba(119,207,85,1)\"],[\"0.833333333333333\",\"rgba(147,214,70,1)\"],[\"0.875\",\"rgba(172,220,52,1)\"],[\"0.916666666666667\",\"rgba(199,225,42,1)\"],[\"0.958333333333333\",\"rgba(226,228,40,1)\"],[\"1\",\"rgba(253,231,37,1)\"]],\"showscale\":true,\"x\":[\"M1A\",\"M1B\",\"A1A\",\"A1B\",\"V1A\",\"V1B\",\"M6A\",\"M6B\",\"A6A\",\"A6B\",\"V6A\",\"V6B\",\"M12A\",\"M12B\",\"A12A\",\"A12B\",\"V12A\",\"V12B\"],\"y\":[\"M1A\",\"M1B\",\"A1A\",\"A1B\",\"V1A\",\"V1B\",\"M6A\",\"M6B\",\"A6A\",\"A6B\",\"V6A\",\"V6B\",\"M12A\",\"M12B\",\"A12A\",\"A12B\",\"V12A\",\"V12B\"],\"z\":[[0,7.04650716301563,5.70678310405774,8.20976445672658,5.82667776225818,7.3279781790244,8.39986657356742,8.16733063204217,9.58637200173571,7.68841587215867,10.1640441508758,10.7676019921496,10.0039632569807,11.32498784981,9.8146750121175,7.74473230078491,9.45716343166999,7.95378561107353],[7.04650716301563,0,6.66154862259465,4.25865887783483,6.67960023884926,6.26668680998727,9.91630309634838,9.25451827523275,10.9564120825428,9.93575571094716,11.099388064366,10.6754670535994,9.90683653800534,10.9561298226477,10.7399675586854,9.18116169782986,9.77109863659917,9.40323019102986],[5.70678310405774,6.66154862259465,0,7.98994675562316,4.94593038167375,5.72836463615867,8.11235158724083,7.65256178153187,8.15065142907597,8.76007256265634,8.30988507282082,8.91309701678265,8.66629724080143,9.82426010379448,8.30870129249907,8.54268071001664,8.35323474316893,7.70897398227057],[8.20976445672658,4.25865887783483,7.98994675562316,0,6.99532785790822,6.43469620310431,10.4096764476556,9.51652950962973,11.1939050957909,10.4627147426448,11.1689702900908,10.546647320753,10.5708484745604,11.5547562063225,11.6160197603858,9.88406363111819,10.7020155017471,10.4675703563444],[5.82667776225818,6.67960023884926,4.94593038167375,6.99532785790822,0,4.8575131388009,8.46288752842871,8.0319315058583,8.726172089783,8.73161790330149,8.27286514155669,8.88152783442813,9.62675093908279,10.8109068917939,9.50867890759956,8.56129430593498,9.21166728284744,8.48571139105286],[7.3279781790244,6.26668680998727,5.72836463615867,6.43469620310431,4.8575131388009,0,10.051631844146,8.92833694901717,9.88801350128227,10.1968579735558,9.80606329541741,9.47694677716336,10.2032985748696,10.9502439173503,10.7118343889731,10.2485736407499,9.95124988126944,9.6455696901528],[8.39986657356742,9.91630309634838,8.11235158724083,10.4096764476556,8.46288752842871,10.051631844146,0,4.32289188181976,5.45401419571659,6.66929785847857,5.82333805363524,6.89960979808065,6.60846441830892,7.49378480640748,6.09490379797155,6.92856692552639,6.73658240504653,6.04084631483171],[8.16733063204217,9.25451827523275,7.65256178153187,9.51652950962973,8.0319315058583,8.92833694901717,4.32289188181976,0,5.86548263173596,6.92170483627566,6.43771467140554,5.936553276735,6.66918890392232,7.10201521498403,6.87338305585792,7.70858313971616,6.93977726065822,6.12205683109543],[9.58637200173571,10.9564120825428,8.15065142907597,11.1939050957909,8.726172089783,9.88801350128227,5.45401419571659,5.86548263173596,0,8.10337075683393,4.02970654063498,6.37598537189006,6.96355226928132,7.79890861008178,5.50539366529938,8.64913887544163,6.82883422186719,6.22801929982399],[7.68841587215867,9.93575571094716,8.76007256265634,10.4627147426448,8.73161790330149,10.1968579735558,6.66929785847857,6.92170483627566,8.10337075683393,0,9.22853479532283,10.1030591897721,9.35527845594351,11.0912154866989,8.92785474831708,6.32121021712703,9.14034499886722,7.20502415178336],[10.1640441508758,11.099388064366,8.30988507282082,11.1689702900908,8.27286514155669,9.80606329541741,5.82333805363524,6.43771467140554,4.02970654063498,9.22853479532283,0,5.40796455622463,7.23562402229216,8.05893271349359,5.83000947413891,8.94623155465764,6.52802367477244,6.94139936721835],[10.7676019921496,10.6754670535994,8.91309701678265,10.546647320753,8.88152783442813,9.47694677716336,6.89960979808065,5.936553276735,6.37598537189006,10.1030591897721,5.40796455622463,0,7.14309602773391,6.1610771391521,7.4911181113735,10.0381028337193,7.56298264238769,7.68916986877059],[10.0039632569807,9.90683653800534,8.66629724080143,10.5708484745604,9.62675093908279,10.2032985748696,6.60846441830892,6.66918890392232,6.96355226928132,9.35527845594351,7.23562402229216,7.14309602773391,0,5.69259437645614,5.58694500597765,8.50447659713418,5.53119139458227,6.33933832045536],[11.32498784981,10.9561298226477,9.82426010379448,11.5547562063225,10.8109068917939,10.9502439173503,7.49378480640748,7.10201521498403,7.79890861008178,11.0912154866989,8.05893271349359,6.1610771391521,5.69259437645614,0,6.42494730487994,10.5078546330517,7.19994521380774,7.82561653509729],[9.8146750121175,10.7399675586854,8.30870129249907,11.6160197603858,9.50867890759956,10.7118343889731,6.09490379797155,6.87338305585792,5.50539366529938,8.92785474831708,5.83000947413891,7.4911181113735,5.58694500597765,6.42494730487994,0,8.18110233128943,5.25899641633563,5.72577800197228],[7.74473230078491,9.18116169782986,8.54268071001664,9.88406363111819,8.56129430593498,10.2485736407499,6.92856692552639,7.70858313971616,8.64913887544163,6.32121021712703,8.94623155465764,10.0381028337193,8.50447659713418,10.5078546330517,8.18110233128943,0,7.99272460895717,6.58008064549415],[9.45716343166999,9.77109863659917,8.35323474316893,10.7020155017471,9.21166728284744,9.95124988126944,6.73658240504653,6.93977726065822,6.82883422186719,9.14034499886722,6.52802367477244,7.56298264238769,5.53119139458227,7.19994521380774,5.25899641633563,7.99272460895717,0,5.56397338345294],[7.95378561107353,9.40323019102986,7.70897398227057,10.4675703563444,8.48571139105286,9.6455696901528,6.04084631483171,6.12205683109543,6.22801929982399,7.20502415178336,6.94139936721835,7.68916986877059,6.33933832045536,7.82561653509729,5.72577800197228,6.58008064549415,5.56397338345294,0]],\"type\":\"heatmap\",\"xaxis\":\"x\",\"yaxis\":\"y\",\"frame\":null}],\"highlight\":{\"on\":\"plotly_click\",\"persistent\":false,\"dynamic\":false,\"selectize\":false,\"opacityDim\":0.2,\"selected\":{\"opacity\":1},\"debounce\":0},\"shinyEvents\":[\"plotly_hover\",\"plotly_click\",\"plotly_selected\",\"plotly_relayout\",\"plotly_brushed\",\"plotly_brushing\",\"plotly_clickannotation\",\"plotly_doubleclick\",\"plotly_deselect\",\"plotly_afterplot\",\"plotly_sunburstclick\"],\"base_url\":\"https://plot.ly\"},\"evals\":[],\"jsHooks\":[]} If ind selected in the clust argument, it is necessary to provide the list of differentially expressed genes for the exploredds subset.\n## Individuals genes identified in DEG analysis DEG analysis with `systemPipeR` degseqDF \u003c- systemPipeR::run_DESeq2(countDF = countMatrix, targets = targets, cmp = cmp[[1]], independent = FALSE) DEG_list \u003c- systemPipeR::filterDEGs(degDF = degseqDF, filter = c(Fold = 2, FDR = 10))  ### Plot heatMaplot(exploredds, clust = \"ind\", DEGlist = unique(as.character(unlist(DEG_list[[1]]))))  The function provides the utility to save the plot automatically.\nPrincipal Component Analysis This function plots a Principal Component Analysis (PCA) from transformed expression matrix. This plot shows samples variation based on the expression values and identifies batch effects.\nPCAplot(exploredds, plotly = FALSE)  The function provides the utility to sav